18 17
1 1
1 4
1 8
1 10
1 14
1 17
3 1
3 4
3 6
3 8
3 10
3 12
3 14
3 17
5 1
5 4
5 6
5 8
5 10
5 12
5 14
5 17
7 6
7 8
7 9
7 10
7 12
8 9
9 1
9 4
9 6
9 12
9 14
9 17
10 6
10 12
12 1
12 4
12 6
12 8
12 10
12 12
12 14
12 17
14 1 
14 2 
14 4
14 6
14 8
14 10
14 12
14 14
14 16
14 17
16 1
16 2
16 4
16 6
16 8
16 10
16 12
16 14
16 16
16 17
18 1
18 8
18 10
18 17
0
1 1 1 4
1 4 1 8
1 10 1 14
1 14 1 17
3 1 3 4
3 4 3 6
3 6 3 8
3 8 3 10
3 10 3 12
3 12 3 14
3 14 3 17
5 1 5 4
5 6 5 8
5 10 5 12
5 14 5 17
7 6 7 8
7 8 7 9
7 9 7 10
7 10 7 12
9 1 9 4
9 4 9 6
9 12 9 14
9 14 9 17
10 6 10 12
12 1 12 4
12 4 12 6
12 6 12 8
12 10 12 12
12 12 12 14
12 14 12 17
14 1 14 2
14 4 14 6
14 6 14 8
14 8 14 10
14 10 14 12
14 12 14 14
14 16 14 17
16 1 16 2
16 2 16 4
16 6 16 8 
16 10 16 12
16 14 16 16
16 16 16 17
18 1 18 8
18 8 18 10
18 10 18 17
1 1 3 1
3 1 5 1
12 1 14 1
16 1 18 1
14 2 16 2
1 4 3 4
3 4 5 4
5 4 9 4
9 4 12 4
12 4 14 4
14 4 16 4
3 6 5 6 
7 6 9 6
9 6 10 6
10 6 12 6
14 6 16 6
1 8 3 8 
5 8 7 8 
12 8 14 8
16 8 18 8 
7 9 8 9 
1 10 3 10
5 10 7 10
12 10 14 10
16 10 18 10
3 12 5 12
7 12 9 12
9 12 10 12
10 12 12 12
14 12 16 12
1 14 3 14
3 14 5 14 
5 14 9 14
9 14 12 14
12 14 14 14
14 14 16 14
14 16 16 16 
1 17 3 17 
3 17 5 17
12 17 14 17
16 17 18 17
0
